105
109
112
111
114
116
32
123
32
99
114
101
97
116
101
67
108
105
101
110
116
32
125
32
102
114
111
109
32
34
64
115
117
112
97
98
97
115
101
47
115
117
112
97
98
97
115
101
45
106
115
34
59
10
10
101
120
112
111
114
116
32
99
111
110
115
116
32
115
117
112
97
98
97
115
101
32
61
32
99
114
101
97
116
101
67
108
105
101
110
116
40
10
32
32
105
109
112
111
114
116
46
109
101
116
97
46
101
110
118
46
86
73
84
69
95
83
85
80
65
66
65
83
69
95
85
82
76
33
44
10
32
32
105
109
112
111
114
116
46
109
101
116
97
46
101
110
118
46
86
73
84
69
95
83
85
80
65
66
65
83
69
95
65
78
79
78
95
75
69
89
33
10
41
59
10
